Run, SubRun, Event
6258 , 189 , 9319

16.1146 , -2.98089 , 0.72519
16.0552 , -2.99597 , 1.20405
15.9982 , -3.0104 , 1.66275
15.9402 , -3.02513 , 2.13053
15.8816 , -3.04 , 2.60307
15.8229 , -3.05488 , 3.0757
15.7634 , -3.06997 , 3.55521
15.7063 , -3.08446 , 4.01545
15.6487 , -3.09908 , 4.48008
15.5903 , -3.11389 , 4.95073
15.5312 , -3.12889 , 5.427
15.4715 , -3.14402 , 5.90767
15.4134 , -3.15875 , 6.37574
15.3569 , -3.17601 , 6.83713
15.2992 , -3.19399 , 7.30897
15.2415 , -3.21199 , 7.78092
15.1831 , -3.2302 , 8.25875
15.1243 , -3.24854 , 8.73957
15.0674 , -3.2663 , 9.20554
15.0105 , -3.28402 , 9.67042
14.9522 , -3.30221 , 10.1475
14.8951 , -3.32003 , 10.6148
14.8382 , -3.33775 , 11.0796
14.778 , -3.35653 , 11.5723
14.7219 , -3.37401 , 12.0306
14.6644 , -3.39196 , 12.5014
14.6065 , -3.41445 , 12.9961
14.4994 , -3.46429 , 13.9503
14.4479 , -3.48825 , 14.4092
14.3943 , -3.51321 , 14.887
14.342 , -3.53754 , 15.3531
14.2866 , -3.56333 , 15.8469
14.2338 , -3.58793 , 16.3179
14.1798 , -3.61306 , 16.7991
14.1278 , -3.63725 , 17.2622
14.0736 , -3.66246 , 17.745
14.02 , -3.68739 , 18.2224
13.9655 , -3.71278 , 18.7085
13.9097 , -3.74674 , 19.1767
13.8499 , -3.78637 , 19.6681
13.7924 , -3.82438 , 20.1394
13.7355 , -3.86203 , 20.6063
13.6715 , -3.9044 , 21.1318
13.6144 , -3.9422 , 21.6005
13.5559 , -3.9809 , 22.0803
13.4962 , -4.02041 , 22.5703
13.4366 , -4.05985 , 23.0592
13.3771 , -4.09923 , 23.5476
13.3196 , -4.1373 , 24.0196
13.2601 , -4.17667 , 24.5077
13.201 , -4.22768 , 24.9961
13.1406 , -4.28506 , 25.497
13.0815 , -4.34123 , 25.9872
13.0228 , -4.39697 , 26.4738
12.9628 , -4.45396 , 26.9713
12.9025 , -4.51129 , 27.4717
12.842 , -4.56878 , 27.9735
12.7833 , -4.62451 , 28.46
12.7235 , -4.68139 , 28.9565
12.6641 , -4.73776 , 29.4485
12.6041 , -4.79481 , 29.9465
12.5477 , -4.85268 , 30.4438
12.5213 , -4.91804 , 30.9404
12.4948 , -4.98338 , 31.4369
12.468 , -5.04981 , 31.9416
12.4413 , -5.11585 , 32.4435
12.4147 , -5.1816 , 32.9431
12.3883 , -5.24681 , 33.4386
12.3618 , -5.31241 , 33.937
12.3351 , -5.37856 , 34.4396
12.3081 , -5.44523 , 34.9463
12.282 , -5.50973 , 35.4364
12.2556 , -5.57508 , 35.9329
12.2261 , -5.6412 , 36.4426
12.192 , -5.70412 , 36.9433
12.1581 , -5.76673 , 37.4416
12.1246 , -5.82854 , 37.9335
12.0903 , -5.89187 , 38.4375
12.0572 , -5.95296 , 38.9237
12.0221 , -6.0177 , 39.4389
11.989 , -6.07871 , 39.9244
11.9553 , -6.14095 , 40.4197
11.9214 , -6.20351 , 40.9175
11.8537 , -6.32841 , 41.9116
11.8219 , -6.38906 , 42.4152
11.7959 , -6.44289 , 42.9052
11.7697 , -6.49726 , 43.4001
11.7434 , -6.5516 , 43.8948
11.7173 , -6.60573 , 44.3875
11.691 , -6.66007 , 44.8822
11.665 , -6.71393 , 45.3725
11.6382 , -6.76941 , 45.8775
11.6128 , -6.82212 , 46.3573
11.5861 , -6.87731 , 46.8597
11.5604 , -6.93048 , 47.3437
11.5341 , -6.98493 , 47.8393
11.5088 , -7.03527 , 48.328
11.4374 , -7.16525 , 49.7835
11.4133 , -7.20914 , 50.275
11.3893 , -7.25283 , 50.7643
11.3655 , -7.29609 , 51.2488
11.3418 , -7.3392 , 51.7315
11.3176 , -7.38323 , 52.2246
11.2937 , -7.42678 , 52.7123
11.2697 , -7.47035 , 53.2002
11.2458 , -7.51385 , 53.6873
11.2221 , -7.55563 , 54.1722
11.1989 , -7.58751 , 54.6515
11.1758 , -7.61936 , 55.1302
11.1523 , -7.65169 , 55.6162
11.1291 , -7.68357 , 56.0954
11.106 , -7.71534 , 56.5729
11.0828 , -7.74735 , 57.0541
11.0362 , -7.81143 , 58.0172
11.0131 , -7.84324 , 58.4954
10.9901 , -7.87497 , 58.9723
10.9668 , -7.90697 , 59.4533
10.9435 , -7.93904 , 59.9354
10.9266 , -7.96366 , 60.4138
10.912 , -7.98569 , 60.8857
10.8973 , -8.00783 , 61.3599
10.8825 , -8.03001 , 61.835
10.8678 , -8.0522 , 62.3104
10.853 , -8.0744 , 62.7859
10.8382 , -8.09662 , 63.2617
10.8236 , -8.11864 , 63.7334
10.8088 , -8.14081 , 64.2084
10.7941 , -8.16291 , 64.6818
10.7793 , -8.18521 , 65.1594
10.7646 , -8.20732 , 65.6331
10.7507 , -8.22819 , 66.1059
10.7409 , -8.24233 , 66.5754
10.7311 , -8.25654 , 67.0471
10.7214 , -8.27066 , 67.5159
10.7115 , -8.28492 , 67.9892
10.7018 , -8.29908 , 68.4594
10.692 , -8.31318 , 68.9275
10.6823 , -8.32734 , 69.3975
10.6725 , -8.34148 , 69.8672
10.6627 , -8.35564 , 70.3373
10.6529 , -8.36985 , 70.8091
10.6432 , -8.38396 , 71.2773
10.6334 , -8.39809 , 71.7465
10.6258 , -8.40954 , 72.2158
10.6215 , -8.41656 , 72.6816
10.6172 , -8.4236 , 73.1483
10.6129 , -8.43062 , 73.6139
10.6087 , -8.43764 , 74.0797
10.6044 , -8.44466 , 74.5455
10.6001 , -8.45168 , 75.0114
10.5959 , -8.45871 , 75.4778
10.5916 , -8.46574 , 75.9438
10.5873 , -8.47277 , 76.4103
10.5831 , -8.47978 , 76.8752
10.5788 , -8.4868 , 77.3414
10.5745 , -8.49382 , 77.8072
10.5699 , -8.49895 , 78.2725
10.5648 , -8.50106 , 78.7358
10.5596 , -8.50316 , 79.199
10.5545 , -8.50526 , 79.6608
10.5493 , -8.50737 , 80.1243
10.5442 , -8.50947 , 80.5871
10.5391 , -8.51157 , 81.0503
10.5339 , -8.51368 , 81.5145
10.5288 , -8.51579 , 81.9771
10.5237 , -8.51789 , 82.4393
10.5185 , -8.51999 , 82.9023
10.5134 , -8.5221 , 83.3662
10.5082 , -8.5242 , 83.8289
10.5056 , -8.52576 , 84.2916
10.5092 , -8.52596 , 84.7533
10.5127 , -8.52617 , 85.216
10.5163 , -8.52637 , 85.6776
10.5198 , -8.52658 , 86.1396
10.5234 , -8.52678 , 86.6019
10.527 , -8.52698 , 87.0636
10.5305 , -8.52719 , 87.5254
10.5341 , -8.52739 , 87.9872
10.5377 , -8.5276 , 88.4499
10.5412 , -8.5278 , 88.9114
10.5448 , -8.52801 , 89.3736
10.5484 , -8.52821 , 89.8368

Run, SubRun, Event
6259 , 36 , 1641

14.7656 , 1.88825 , 0.200282
14.7123 , 1.88633 , 0.679618
14.6599 , 1.88445 , 1.15108
14.6089 , 1.88261 , 1.60943
14.5567 , 1.88073 , 2.0793
14.5051 , 1.87888 , 2.5428
14.4535 , 1.87702 , 3.00722
14.4029 , 1.8752 , 3.46197
14.3504 , 1.87331 , 3.93437
14.2999 , 1.87149 , 4.38891
14.2482 , 1.86963 , 4.85387
14.1975 , 1.8678 , 5.31026
14.1457 , 1.86594 , 5.77625
14.0975 , 1.86579 , 6.23776
14.0583 , 1.87069 , 6.70129
14.0196 , 1.87554 , 7.15916
13.9808 , 1.8804 , 7.61865
13.9424 , 1.8852 , 8.07279
13.9034 , 1.89008 , 8.53473
13.865 , 1.89488 , 8.9885
13.8258 , 1.89979 , 9.45235
13.7867 , 1.90468 , 9.9155
13.7481 , 1.90951 , 10.3723
13.7091 , 1.9144 , 10.834
13.5543 , 1.93546 , 12.6644
13.5154 , 1.94325 , 13.1234
13.4761 , 1.95113 , 13.5873
13.4381 , 1.95874 , 14.0358
13.399 , 1.96658 , 14.4974
13.3608 , 1.97422 , 14.9477
13.3222 , 1.98196 , 15.4036
13.283 , 1.98979 , 15.8651
13.244 , 1.99762 , 16.3262
13.205 , 2.00542 , 16.7859
13.1669 , 2.01306 , 17.2357
13.1281 , 2.02082 , 17.6927
13.0893 , 2.02858 , 18.1503
13.0506 , 2.03635 , 18.6078
13.0171 , 2.04202 , 19.0655
12.9846 , 2.04717 , 19.5334
12.9527 , 2.05223 , 19.9928
12.9206 , 2.05731 , 20.4542
12.8893 , 2.06227 , 20.9046
12.8573 , 2.06734 , 21.3659
12.8256 , 2.07235 , 21.821
12.7938 , 2.0774 , 22.2796
12.7615 , 2.08252 , 22.7441
12.7297 , 2.08755 , 23.2017
12.6981 , 2.09257 , 23.6569
12.6663 , 2.0976 , 24.1145
12.6342 , 2.10268 , 24.5753
12.6022 , 2.10775 , 25.0366
12.5721 , 2.11415 , 25.4885
12.5411 , 2.12089 , 25.9551
12.5108 , 2.12749 , 26.4121
12.4804 , 2.1341 , 26.8694
12.4503 , 2.14066 , 27.3235
12.4196 , 2.14733 , 27.7858
12.3885 , 2.1541 , 28.254
12.3585 , 2.16063 , 28.7064
12.3283 , 2.1672 , 29.1613
12.2979 , 2.17382 , 29.6193
12.2677 , 2.18038 , 30.0736
12.2374 , 2.18697 , 30.5296
12.2071 , 2.19357 , 30.9867
12.1766 , 2.2002 , 31.4456
12.1533 , 2.20845 , 31.9054
12.1425 , 2.21949 , 32.3636
12.1318 , 2.23045 , 32.8182
12.1211 , 2.24149 , 33.276
12.1104 , 2.25242 , 33.7293
12.0997 , 2.26343 , 34.186
12.0891 , 2.27437 , 34.6396
12.0783 , 2.28544 , 35.0987
12.0676 , 2.29638 , 35.5525
12.057 , 2.30734 , 36.0072

Run, SubRun, Event
6260 , 150 , 7463


21.8753 , -6.57213 , 0.954032
21.824 , -6.60814 , 1.44232
21.774 , -6.64326 , 1.9186
21.7235 , -6.67874 , 2.39978
21.6763 , -6.71181 , 2.86517
21.6332 , -6.74185 , 3.36505
21.5922 , -6.77045 , 3.84083
21.5514 , -6.79889 , 4.31408
21.5101 , -6.82771 , 4.79363
21.469 , -6.85636 , 5.27027
21.4275 , -6.88371 , 5.74164
21.3819 , -6.90847 , 6.22478
21.3365 , -6.93311 , 6.70571
21.2917 , -6.9574 , 7.17975
21.2478 , -6.98125 , 7.64513
21.1675 , -7.07855 , 9.55567
21.1672 , -7.10266 , 10.0314
21.167 , -7.12678 , 10.5072
21.1683 , -7.15126 , 10.9817
21.1955 , -7.18301 , 11.46
21.2231 , -7.21528 , 11.9459
21.2505 , -7.24726 , 12.4275
21.2777 , -7.27895 , 12.9048
21.3047 , -7.31047 , 13.3795
21.3308 , -7.34472 , 13.8656
21.3545 , -7.38207 , 14.3498
21.378 , -7.41918 , 14.8309
21.4016 , -7.45643 , 15.3137
21.4256 , -7.4943 , 15.8046
21.4491 , -7.53129 , 16.2842

Run, SubRun, Event
6260 , 150 , 7465


17.9899 , -0.561766 , 0.712687
17.9334 , -0.583691 , 1.19028
17.878 , -0.605226 , 1.65938
17.8199 , -0.62777 , 2.15047
17.7649 , -0.649146 , 2.61611
17.7096 , -0.670618 , 3.08384
17.6535 , -0.692396 , 3.55823
17.5978 , -0.714011 , 4.02906
17.5459 , -0.731228 , 4.50376
17.4998 , -0.742125 , 4.97777
17.4537 , -0.753043 , 5.45268
17.4084 , -0.763751 , 5.91845
17.3637 , -0.774326 , 6.37841
17.3184 , -0.78502 , 6.84361
17.2726 , -0.795849 , 7.31463
17.227 , -0.806633 , 7.78371
17.1814 , -0.817416 , 8.25275
17.1355 , -0.828276 , 8.72537
17.0913 , -0.824846 , 9.17933
17.047 , -0.821415 , 9.63336
17.0016 , -0.81789 , 10.0999
16.9572 , -0.814445 , 10.5558
16.9119 , -0.810933 , 11.0205
16.8671 , -0.807451 , 11.4813
16.8219 , -0.803948 , 11.945
16.7777 , -0.800516 , 12.3991
16.7332 , -0.797067 , 12.8555
16.688 , -0.792537 , 13.311
16.6377 , -0.78231 , 13.7715
16.5878 , -0.772166 , 14.2283
16.5375 , -0.761952 , 14.6881
16.4878 , -0.751844 , 15.1433
16.4391 , -0.74194 , 15.5892
16.389 , -0.731752 , 16.0479
16.3392 , -0.721617 , 16.5042
16.2891 , -0.711445 , 16.9622
16.2384 , -0.701127 , 17.4269
16.1918 , -0.691656 , 17.8542
16.141 , -0.681328 , 18.3432
16.0934 , -0.671645 , 18.8017
16.047 , -0.662209 , 19.2484
16.0008 , -0.652812 , 19.6933
15.9523 , -0.642929 , 20.1613
15.9052 , -0.633363 , 20.6142
15.8574 , -0.623639 , 21.0746
15.81 , -0.613988 , 21.5316
15.7627 , -0.604378 , 21.9866
15.7158 , -0.59482 , 22.4391
15.6664 , -0.58539 , 22.8981
15.6151 , -0.576497 , 23.3505
15.5638 , -0.567601 , 23.803
15.512 , -0.55862 , 24.2599
15.4603 , -0.549665 , 24.7154
15.409 , -0.540775 , 25.1677
15.357 , -0.531755 , 25.6265
15.3043 , -0.522625 , 26.091
15.2523 , -0.5136 , 26.5501
15.2018 , -0.504844 , 26.9955
15.1496 , -0.495802 , 27.4554
15.0906 , -0.485576 , 27.9757
14.9502 , -0.432293 , 29.7318
14.9142 , -0.418466 , 30.1848
14.878 , -0.404542 , 30.6411
14.8417 , -0.390599 , 31.0979
14.8049 , -0.376446 , 31.5617
14.7692 , -0.362718 , 32.0115
14.7324 , -0.348562 , 32.4753
14.6968 , -0.334887 , 32.9234
13.7044 , -0.015076 , 34.5256
13.2561 , 0.131595 , 34.8917
12.7741 , 0.289315 , 35.2853
12.32 , 0.437899 , 35.6561
11.8954 , 0.576823 , 36.0028
11.4518 , 0.721969 , 36.3651
10.9655 , 0.881065 , 36.7621
10.4357 , 1.05443 , 37.1948
10.0687 , 1.17451 , 37.4945
7.84176 , 1.79247 , 39.201
7.38841 , 1.91379 , 39.5438
6.9937 , 2.01941 , 39.8423
6.42395 , 2.17188 , 40.2732
5.8071 , 2.33696 , 40.7397
5.41691 , 2.44137 , 41.0348
4.95527 , 2.56491 , 41.384
4.54884 , 2.67368 , 41.6913

Run, SubRun, Event
6260 , 150 , 7471

19.6068 , 5.74639 , 40.0187
19.6421 , 5.72889 , 39.5828
19.6792 , 5.71047 , 39.1239
19.7158 , 5.69227 , 38.6707
19.752 , 5.67433 , 38.2239
19.7883 , 5.65631 , 37.775
19.8251 , 5.63804 , 37.3198
19.8619 , 5.61976 , 36.8647
19.9344 , 5.58376 , 35.9679
19.9618 , 5.57401 , 35.509
19.9861 , 5.56687 , 35.0521
20.0108 , 5.55966 , 34.59
20.0351 , 5.55254 , 34.134
20.0593 , 5.54546 , 33.6805
20.0838 , 5.5383 , 33.2221
20.1081 , 5.53116 , 32.7651
20.1328 , 5.52393 , 32.3021
20.1573 , 5.51676 , 31.8427
20.1817 , 5.50963 , 31.3864
20.2058 , 5.50256 , 30.9337
20.239 , 5.50174 , 30.4696
20.2746 , 5.50262 , 30.0011
20.3097 , 5.50348 , 29.5402
20.3451 , 5.50434 , 29.0764
20.3799 , 5.5052 , 28.6189
20.415 , 5.50606 , 28.1583
20.4516 , 5.50696 , 27.6765
20.4859 , 5.5078 , 27.227
20.5209 , 5.50865 , 26.7674
20.5559 , 5.50951 , 26.3078
20.5913 , 5.51038 , 25.842
20.6416 , 5.51339 , 25.3899
20.7029 , 5.51779 , 24.9237
20.7671 , 5.52241 , 24.435
20.8245 , 5.52653 , 23.9983
20.8855 , 5.53091 , 23.5344
20.9456 , 5.53522 , 23.078
21.0062 , 5.53958 , 22.6171
21.0693 , 5.54411 , 22.1366
21.1924 , 5.55295 , 21.201
21.2403 , 5.55768 , 20.7317
21.2691 , 5.56267 , 20.2752
21.2982 , 5.56772 , 19.8141
21.3295 , 5.57316 , 19.3168
21.3587 , 5.57821 , 18.8547
21.4172 , 5.58836 , 17.927
21.4463 , 5.5934 , 17.4654
21.4749 , 5.59837 , 17.011
21.4976 , 5.60149 , 16.552
21.5147 , 5.60286 , 16.0883
21.5318 , 5.60423 , 15.6269
21.5489 , 5.60559 , 15.1645
21.5659 , 5.60695 , 14.7048
21.583 , 5.60832 , 14.2434
21.6 , 5.60968 , 13.7829
21.617 , 5.61105 , 13.3215
21.6346 , 5.61245 , 12.8464
21.6531 , 5.6146 , 12.4288
21.7182 , 5.63025 , 11.9697
21.7976 , 5.64934 , 11.4096
21.8507 , 5.6621 , 11.035
21.9306 , 5.6813 , 10.4718
21.9971 , 5.69727 , 10.0029
22.0631 , 5.71314 , 9.53741
22.1295 , 5.7291 , 9.06903
22.1938 , 5.74455 , 8.6156
22.2498 , 5.76247 , 8.14626
22.2951 , 5.7827 , 7.67125
22.34 , 5.80281 , 7.1994
22.386 , 5.82338 , 6.71641
22.4312 , 5.84359 , 6.24218
22.4742 , 5.86282 , 5.79057
22.5189 , 5.88282 , 5.32114
22.5651 , 5.90349 , 4.83611
22.6113 , 5.92418 , 4.35042
22.6662 , 5.94357 , 3.87469
22.7218 , 5.96268 , 3.40285
22.7767 , 5.98155 , 2.93714
22.8324 , 6.0007 , 2.46454
22.8868 , 6.01937 , 2.00373


Run, SubRun, Event
6261 , 20 , 895

17.1738 , 0.12282 , 1.70357
17.1361 , 0.0883407 , 2.17969
17.0975 , 0.0531192 , 2.66605
17.059 , 0.0178741 , 3.15274
17.021 , -0.0167978 , 3.63152
16.9826 , -0.0518672 , 4.11578
16.9448 , -0.0864548 , 4.5934
16.9068 , -0.121112 , 5.07197
16.8681 , -0.156486 , 5.56045
16.8293 , -0.191956 , 6.05024
16.7914 , -0.22655 , 6.52793
16.7541 , -0.26067 , 6.99909
16.7155 , -0.295907 , 7.48568
16.6778 , -0.330382 , 7.96174
16.6385 , -0.366266 , 8.45725
16.6083 , -0.401622 , 8.94353
16.5821 , -0.437083 , 9.43033
16.5573 , -0.470577 , 9.89014
16.5312 , -0.505765 , 10.3732
16.5049 , -0.541403 , 10.8624
16.4787 , -0.576772 , 11.348
16.4531 , -0.611392 , 11.8232
16.4271 , -0.646507 , 12.3053
16.4011 , -0.681646 , 12.7876
16.3748 , -0.717136 , 13.2748
16.3489 , -0.752172 , 13.7558
16.323 , -0.787253 , 14.2374
16.2973 , -0.823074 , 14.7172
16.2716 , -0.859823 , 15.202
16.2458 , -0.896632 , 15.6875
16.22 , -0.933312 , 16.1713
16.1945 , -0.969702 , 16.6513
16.169 , -1.00608 , 17.1312
16.1431 , -1.043 , 17.6182
16.1173 , -1.07984 , 18.1041
16.0919 , -1.11608 , 18.5821
16.0663 , -1.1526 , 19.0638
16.0405 , -1.18941 , 19.5494
16.0147 , -1.22618 , 20.0344
15.9906 , -1.26324 , 20.5186
15.9755 , -1.30197 , 20.9995
15.9603 , -1.34091 , 21.483
15.9451 , -1.3801 , 21.9696
15.9298 , -1.41925 , 22.4558
15.9147 , -1.45814 , 22.9386
15.8995 , -1.49711 , 23.4224
15.8843 , -1.536 , 23.9053
15.8692 , -1.57487 , 24.388
15.8538 , -1.61436 , 24.8783
15.8387 , -1.65309 , 25.3592
15.8235 , -1.6921 , 25.8435
15.8084 , -1.73088 , 26.3251
15.7935 , -1.77071 , 26.814
15.7789 , -1.81072 , 27.3012
15.7645 , -1.85034 , 27.7839
15.75 , -1.89009 , 28.268
15.7355 , -1.92989 , 28.7528
15.7208 , -1.9701 , 29.2425
15.7064 , -2.00957 , 29.7232
15.6919 , -2.04949 , 30.2094
15.6774 , -2.08923 , 30.6934
15.663 , -2.12866 , 31.1737
15.6482 , -2.1691 , 31.6662
15.6339 , -2.20855 , 32.1468
15.6208 , -2.24752 , 32.6313
15.6105 , -2.285 , 33.1155
15.6001 , -2.32245 , 33.5992
15.5898 , -2.35984 , 34.0821
15.5794 , -2.39714 , 34.5639
15.569 , -2.43486 , 35.0511
15.5587 , -2.4722 , 35.5334
15.5483 , -2.50971 , 36.0179
15.5379 , -2.54706 , 36.5004
15.5276 , -2.58446 , 36.9834
15.5172 , -2.62193 , 37.4674
15.5068 , -2.65945 , 37.952
15.4965 , -2.69611 , 38.4347
15.4861 , -2.72889 , 38.9135
15.4757 , -2.76181 , 39.3944
15.4651 , -2.79516 , 39.8816
15.4549 , -2.8277 , 40.357
15.4444 , -2.86068 , 40.8387
15.4341 , -2.8934 , 41.3166
15.4236 , -2.92655 , 41.801
15.4132 , -2.95943 , 42.2813
15.4028 , -2.99228 , 42.761
15.3924 , -3.02534 , 43.2441
15.382 , -3.05814 , 43.7232
15.3716 , -3.0909 , 44.2026
15.35 , -3.14975 , 45.1613
15.3391 , -3.17925 , 45.6419
15.3283 , -3.20858 , 46.1197
15.3174 , -3.23811 , 46.6007
15.3067 , -3.26734 , 47.077
15.2958 , -3.29684 , 47.5575
15.285 , -3.32612 , 48.0347
15.2743 , -3.35531 , 48.5101
15.2634 , -3.38483 , 48.9911
15.2525 , -3.41447 , 49.4741
15.2368 , -3.44033 , 49.9495
15.2163 , -3.46289 , 50.4242
15.196 , -3.48528 , 50.8952
15.1752 , -3.50821 , 51.3777
15.1548 , -3.53064 , 51.8495
15.1342 , -3.55328 , 52.3258
15.1138 , -3.57576 , 52.7988
15.0933 , -3.59831 , 53.2734
15.0727 , -3.62099 , 53.7504
15.0524 , -3.64337 , 54.2213
15.0319 , -3.66592 , 54.6958
15.0114 , -3.68794 , 55.1738
14.9921 , -3.70379 , 55.6443
14.9729 , -3.71961 , 56.1135
14.9537 , -3.73546 , 56.5839
14.9344 , -3.75137 , 57.0559
14.9149 , -3.76739 , 57.5312
14.8957 , -3.78327 , 58.0024
14.8765 , -3.79903 , 58.47
14.8573 , -3.81489 , 58.9404
14.838 , -3.83076 , 59.4113
14.8187 , -3.84666 , 59.8832
14.7994 , -3.8626 , 60.3562
14.7788 , -3.87572 , 60.8274
14.7585 , -3.88827 , 61.2898
14.7379 , -3.90103 , 61.7599
14.7173 , -3.91373 , 62.2281
14.6966 , -3.92651 , 62.6991
14.6759 , -3.9393 , 63.1704
14.6555 , -3.95195 , 63.6365
14.6348 , -3.96474 , 64.108
14.6142 , -3.97741 , 64.5749
14.5935 , -3.99022 , 65.047
14.5728 , -4.00302 , 65.5189
14.5523 , -4.01569 , 65.9858
14.5362 , -4.03195 , 66.4553
14.5227 , -4.05036 , 66.9287
14.5091 , -4.06872 , 67.4004
14.4955 , -4.08721 , 67.8757
14.482 , -4.10562 , 68.3488
14.4685 , -4.12388 , 68.818
14.4549 , -4.14229 , 69.2911
14.4414 , -4.16065 , 69.7629
14.4278 , -4.17911 , 70.2375
14.4143 , -4.19753 , 70.7107
14.4008 , -4.21575 , 71.1792
14.3737 , -4.25261 , 72.1265
14.3937 , -4.27901 , 72.5928
14.4498 , -4.3147 , 73.0671
14.5087 , -4.35213 , 73.5647
14.5662 , -4.38869 , 74.0505
14.6228 , -4.42469 , 74.529
14.6792 , -4.46055 , 75.0056
14.7379 , -4.49786 , 75.5014
14.7949 , -4.53414 , 75.9836
14.8517 , -4.57022 , 76.4632
14.9083 , -4.60624 , 76.9419
14.967 , -4.64357 , 77.438
15.0239 , -4.67979 , 77.9193
15.0811 , -4.71614 , 78.4025
15.1411 , -4.76235 , 78.8835
15.2052 , -4.81616 , 79.3821
15.2685 , -4.86943 , 79.8757
15.3906 , -4.97195 , 80.8257
15.4577 , -5.02837 , 81.3486
15.5225 , -5.08279 , 81.8528
15.5849 , -5.13522 , 82.3386
15.6468 , -5.1873 , 82.8213
15.7111 , -5.24126 , 83.3213
15.7748 , -5.29482 , 83.8176
15.8382 , -5.34867 , 84.3114
15.9004 , -5.40813 , 84.8017
15.9635 , -5.46841 , 85.2988
16.0273 , -5.5294 , 85.8017
16.0901 , -5.58934 , 86.296
16.1512 , -5.64773 , 86.7774
16.2138 , -5.70756 , 87.2707
16.2795 , -5.77032 , 87.7882
16.3428 , -5.83075 , 88.2865
16.4046 , -5.88977 , 88.7732
16.4696 , -5.95187 , 89.2852

Run, SubRun, Event
6261 , 20 , 896

28.8504 , 4.62126 , 0.484298
28.8084 , 4.6271 , 0.945026
28.7661 , 4.63298 , 1.41019
28.7242 , 4.63881 , 1.87067
28.6826 , 4.64461 , 2.3288
28.6407 , 4.65044 , 2.78893
28.5989 , 4.65625 , 3.24782
28.5576 , 4.662 , 3.70232
28.5162 , 4.66777 , 4.15774
28.4761 , 4.67368 , 4.61442
28.4421 , 4.68016 , 5.07279
28.4079 , 4.68665 , 5.53173
28.3735 , 4.6932 , 5.9955
28.3396 , 4.69965 , 6.45174
28.3054 , 4.70614 , 6.91115
28.272 , 4.7125 , 7.36126
28.2377 , 4.71901 , 7.82202
28.2034 , 4.72553 , 8.28361
28.1695 , 4.73197 , 8.73935
28.1415 , 4.73991 , 9.2029
28.1149 , 4.74793 , 9.65953
28.0883 , 4.75591 , 10.1143
28.0616 , 4.76394 , 10.5719
28.0348 , 4.772 , 11.0311
28.0086 , 4.7799 , 11.4808
27.9818 , 4.78794 , 11.9391
27.9546 , 4.7961 , 12.4042
27.928 , 4.8041 , 12.86
27.904 , 4.81299 , 13.3112
27.8808 , 4.82248 , 13.7688
27.8576 , 4.83193 , 14.2249
27.8345 , 4.84139 , 14.6809
27.8111 , 4.85095 , 15.1422
27.7879 , 4.86039 , 15.5977
27.7649 , 4.86981 , 16.0517
27.7416 , 4.8793 , 16.5095
27.7185 , 4.88874 , 16.9648
27.698 , 4.89726 , 17.42
27.6809 , 4.90453 , 17.8776
27.6637 , 4.91186 , 18.3393
27.6466 , 4.91912 , 18.7962
27.6295 , 4.92639 , 19.2539
27.6126 , 4.93359 , 19.7072
27.5954 , 4.9409 , 20.1672
27.5784 , 4.94816 , 20.6243
27.5612 , 4.95546 , 21.0836
27.5422 , 4.96144 , 21.5382
27.5148 , 4.96263 , 22.0039
27.4877 , 4.96381 , 22.4655
27.4606 , 4.96499 , 22.9257
27.4338 , 4.96616 , 23.3829
27.4064 , 4.96735 , 23.8474
27.3795 , 4.96852 , 24.3058
27.3523 , 4.96971 , 24.7684
27.3249 , 4.9709 , 25.2338
27.2976 , 4.97051 , 25.694
27.2697 , 4.9669 , 26.1575
27.2419 , 4.96329 , 26.6193
27.2139 , 4.95967 , 27.0831
27.186 , 4.95604 , 27.5474
27.1581 , 4.95243 , 28.0102
27.1297 , 4.94876 , 28.4807
27.1023 , 4.9452 , 28.9365
27.0738 , 4.94151 , 29.4095
27.051 , 4.93861 , 29.8676
27.0323 , 4.93627 , 30.33
27.0135 , 4.93391 , 30.7951
26.9947 , 4.93156 , 31.2585
26.9759 , 4.92921 , 31.7234
26.9571 , 4.92686 , 32.188
26.9383 , 4.92451 , 32.652
26.9196 , 4.92217 , 33.1129
26.901 , 4.91985 , 33.5728
26.8832 , 4.92547 , 34.0336
26.8657 , 4.93276 , 34.4927
26.8483 , 4.93999 , 34.9482
26.8309 , 4.94721 , 35.4027
26.8132 , 4.95457 , 35.8661
26.7959 , 4.96176 , 36.3188
26.7782 , 4.96909 , 36.7804
26.7607 , 4.97636 , 37.2381
26.7433 , 4.98361 , 37.6946
26.7232 , 5.00063 , 38.1474
26.7021 , 5.02202 , 38.594
26.6805 , 5.04387 , 39.0502
26.6595 , 5.06518 , 39.4952
26.638 , 5.08692 , 39.949
26.6169 , 5.10832 , 40.396
26.5957 , 5.12976 , 40.8436
26.574 , 5.15176 , 41.3029
26.5533 , 5.17276 , 41.7415
26.5313 , 5.19816 , 42.191
26.508 , 5.23176 , 42.6314
26.4847 , 5.26536 , 43.0716
26.4612 , 5.29924 , 43.5158
26.4378 , 5.333 , 43.9582
26.4142 , 5.36699 , 44.4037
26.3911 , 5.40043 , 44.842
26.3672 , 5.43486 , 45.2932
26.3442 , 5.46806 , 45.7284

Run, SubRun, Event
6261 , 97 , 4406

15.2094 , 0.259739 , 1.16576
15.1511 , 0.247339 , 1.63741
15.0936 , 0.235117 , 2.1023
15.0368 , 0.223041 , 2.56159
14.9782 , 0.210592 , 3.03511
14.9212 , 0.198466 , 3.49634
14.8646 , 0.184184 , 3.97917
14.8137 , 0.167929 , 4.452
14.7635 , 0.151881 , 4.91882
14.7135 , 0.135928 , 5.38289
14.6627 , 0.11968 , 5.85553
14.6118 , 0.103449 , 6.32769
14.5601 , 0.0869378 , 6.80799
14.5092 , 0.070652 , 7.28173
14.459 , 0.0546157 , 7.74821
14.4109 , 0.0397354 , 8.21614
14.3644 , 0.0256125 , 8.68249
14.3172 , 0.0113014 , 9.15506
14.2695 , -0.00319208 , 9.63364
14.2228 , -0.017365 , 10.1016
14.177 , -0.031263 , 10.5606
14.1297 , -0.0456036 , 11.0341
14.083 , -0.059788 , 11.5025
14.0354 , -0.074237 , 11.9796
13.9867 , -0.0834843 , 12.4474
13.937 , -0.0888312 , 12.9095
13.8874 , -0.0941654 , 13.3705
13.8373 , -0.0995536 , 13.8361
13.7874 , -0.104916 , 14.2995
13.7364 , -0.110403 , 14.7736
13.6862 , -0.115797 , 15.2398
13.6373 , -0.12106 , 15.6945
13.5872 , -0.126449 , 16.1603
13.537 , -0.131852 , 16.6272
13.4905 , -0.115798 , 17.0802
13.4445 , -0.0976596 , 17.5309
13.3976 , -0.0791932 , 17.9898
13.352 , -0.0611897 , 18.4372
13.3063 , -0.0431873 , 18.8846
13.2599 , -0.0248985 , 19.3391
13.2143 , -0.00690965 , 19.7861
13.1676 , 0.0114796 , 20.2431
13.1213 , 0.0297212 , 20.6964
13.0751 , 0.0479579 , 21.1496
13.0314 , 0.0973065 , 21.5773
12.9876 , 0.156166 , 22.007
12.944 , 0.214717 , 22.4344
12.9005 , 0.273203 , 22.8613
12.8559 , 0.333129 , 23.2987
12.8123 , 0.391616 , 23.7256
12.7693 , 0.449374 , 24.1472
12.7267 , 0.506644 , 24.5653
12.6811 , 0.567929 , 25.0126
12.6376 , 0.626305 , 25.4387
12.5936 , 0.685485 , 25.8707
12.5335 , 0.804755 , 26.2807
12.4768 , 0.922771 , 26.6427
12.4152 , 1.05091 , 27.0356
12.3548 , 1.17659 , 27.4211
12.2942 , 1.30283 , 27.8082
12.2322 , 1.43178 , 28.2037
12.1721 , 1.55702 , 28.5878
12.1127 , 1.68052 , 28.9666


Run, SubRun, Event
6261 , 97 , 4409

26.9355 , -5.79567 , 0.964136
26.9113 , -5.86758 , 1.47121
26.8872 , -5.93894 , 1.97433
26.8636 , -6.00894 , 2.46793
26.8393 , -6.08104 , 2.97633
26.8151 , -6.15269 , 3.48158
26.7911 , -6.22413 , 3.98532
26.7671 , -6.29507 , 4.4855
26.7433 , -6.36589 , 4.98486
26.72 , -6.41962 , 5.47813
26.6968 , -6.47252 , 5.97045
26.6733 , -6.52621 , 6.47016
26.6504 , -6.57841 , 6.95608
26.6272 , -6.63129 , 7.44831
26.6039 , -6.68432 , 7.94186
26.5807 , -6.73718 , 8.43389
26.5573 , -6.79044 , 8.92964
26.534 , -6.84355 , 9.42392
26.5111 , -6.89586 , 9.91082
26.4986 , -6.9197 , 10.3857
26.4872 , -6.94084 , 10.8613
26.4757 , -6.96205 , 11.3385
26.4643 , -6.98304 , 11.8109
26.4529 , -7.00404 , 12.2834
26.4415 , -7.0251 , 12.7573
26.43 , -7.04621 , 13.2324
26.4185 , -7.06736 , 13.7081
26.4072 , -7.0883 , 14.1794
26.3958 , -7.10936 , 14.6533
26.384 , -7.09513 , 15.1064
26.372 , -7.06279 , 15.5514
26.3601 , -7.03055 , 15.9949
26.3482 , -6.99839 , 16.4374
26.3363 , -6.96624 , 16.8798
26.3244 , -6.93404 , 17.3228
26.3125 , -6.90176 , 17.7669
26.3005 , -6.86944 , 18.2115
26.2886 , -6.83721 , 18.6549
26.2767 , -6.80512 , 19.0964
26.265 , -6.77355 , 19.5308
26.3997 , -6.63955 , 19.9007
26.5417 , -6.49816 , 20.2909
26.6842 , -6.35636 , 20.6823
26.8336 , -6.20764 , 21.0927
27.0643 , -5.96226 , 21.4145
27.2901 , -5.72181 , 21.7226
27.5116 , -5.48599 , 22.0248
27.7347 , -5.24841 , 22.3292
27.9664 , -5.00175 , 22.6453
28.2116 , -4.7406 , 22.9799
28.4494 , -4.48745 , 23.3043
28.6784 , -4.24356 , 23.6168
28.9063 , -4.00067 , 23.9313
29.1375 , -3.75311 , 24.2644
29.3692 , -3.50511 , 24.5981
29.5949 , -3.2634 , 24.9233
29.821 , -3.02144 , 25.2489
30.032 , -2.79547 , 25.5529
30.2584 , -2.55312 , 25.879
30.4843 , -2.31136 , 26.2042
30.694 , -2.08682 , 26.5064


Run, SubRun, Event
6261 , 97 , 4413

30.4959 , 5.70281 , 0.329689
30.5182 , 5.75162 , 0.75898
30.541 , 5.8016 , 1.19856
30.5632 , 5.85029 , 1.62671
30.5858 , 5.89977 , 2.06188
30.6084 , 5.94922 , 2.49678
30.6308 , 5.99826 , 2.92813
30.6535 , 6.04803 , 3.36584
30.683 , 6.09779 , 3.79728
30.7217 , 6.14884 , 4.23241
30.7598 , 6.1991 , 4.66074
30.7981 , 6.24967 , 5.09174
30.8365 , 6.30031 , 5.52337
30.8747 , 6.35083 , 5.95397
31.0193 , 6.54772 , 7.69098
31.0527 , 6.59513 , 8.12848
31.0858 , 6.64224 , 8.56327
31.1189 , 6.68946 , 8.99898
31.152 , 6.73655 , 9.43353
31.185 , 6.7834 , 9.86592
31.2185 , 6.8309 , 10.3008
31.2556 , 6.88101 , 10.731
31.2931 , 6.93179 , 11.167
31.3302 , 6.98206 , 11.5986
31.3676 , 7.03263 , 12.0327
31.4047 , 7.08289 , 12.4642
31.442 , 7.13329 , 12.897
31.4793 , 7.18382 , 13.3307
31.5138 , 7.23561 , 13.7609
31.5455 , 7.28985 , 14.1947
31.5769 , 7.34347 , 14.6236
31.6085 , 7.39745 , 15.0553
31.6402 , 7.45149 , 15.4874
31.6715 , 7.50499 , 15.9153
31.703 , 7.55889 , 16.3463
31.7344 , 7.61247 , 16.7749
31.7691 , 7.6677 , 17.2055
31.806 , 7.72399 , 17.6378
31.8427 , 7.77987 , 18.067
31.8791 , 7.83555 , 18.4946
31.9164 , 7.89234 , 18.9307
31.9526 , 7.9477 , 19.3559
31.9892 , 8.00348 , 19.7843
32.026 , 8.05963 , 20.2155
32.0668 , 8.11559 , 20.6475
32.1088 , 8.17101 , 21.076
32.151 , 8.22664 , 21.5062
32.1928 , 8.28187 , 21.9332
32.2345 , 8.33681 , 22.3581
32.319 , 8.4483 , 23.2203
32.3612 , 8.50385 , 23.6498
32.4192 , 8.55058 , 24.081
32.4866 , 8.59397 , 24.5231
32.5536 , 8.63705 , 24.962
32.6202 , 8.67989 , 25.3986
32.6863 , 8.72244 , 25.8322
32.7523 , 8.76489 , 26.2648
32.8186 , 8.80756 , 26.6995
32.887 , 8.85151 , 27.1474

Run, SubRun, Event
6261 , 97 , 4415

27.1138 , -0.896471 , 2.28695
27.0781 , -0.862567 , 2.72882
27.0422 , -0.828579 , 3.17178
27.0061 , -0.794307 , 3.61844
26.9703 , -0.760357 , 4.06092
26.9366 , -0.725511 , 4.50315
26.9119 , -0.687062 , 4.94229
26.8873 , -0.648712 , 5.3803
26.8625 , -0.610167 , 5.82052
26.8377 , -0.571535 , 6.26176
26.813 , -0.533016 , 6.70169
26.7881 , -0.49429 , 7.144
26.7633 , -0.455735 , 7.58434
26.7388 , -0.417481 , 8.02125
26.7142 , -0.379176 , 8.45874
26.6894 , -0.340679 , 8.89843
26.6344 , -0.294755 , 9.32996
26.5699 , -0.246665 , 9.75673
26.5048 , -0.198196 , 10.1869
26.4385 , -0.148795 , 10.6253
26.372 , -0.0992601 , 11.0649
26.307 , -0.0508175 , 11.4948
26.2413 , -0.00179468 , 11.9298
26.1745 , 0.047918 , 12.371
26.109 , 0.0967484 , 12.8044
26.0327 , 0.15505 , 13.2523
25.9538 , 0.21673 , 13.6608
25.8726 , 0.280132 , 14.0808
25.7912 , 0.343806 , 14.5026
25.7105 , 0.406828 , 14.9201
25.6269 , 0.472154 , 15.3528
25.5459 , 0.535443 , 15.772
25.4644 , 0.5992 , 16.1943
25.3804 , 0.664831 , 16.6291
25.2781 , 0.744797 , 17.1588
25.227 , 0.801299 , 17.468
25.1629 , 0.883971 , 17.8882
25.0992 , 0.966118 , 18.3057
25.0367 , 1.04672 , 18.7154
24.9736 , 1.12801 , 19.1286
24.9103 , 1.20956 , 19.5431
24.8466 , 1.29166 , 19.9604
24.782 , 1.37497 , 20.3839
24.7192 , 1.45591 , 20.7953
24.656 , 1.53745 , 21.2097
24.5928 , 1.61884 , 21.6234
24.5249 , 1.70539 , 22.0324
24.4547 , 1.79438 , 22.442
24.3838 , 1.88425 , 22.8556
24.3141 , 1.97262 , 23.2623
24.2433 , 2.06241 , 23.6755
24.1733 , 2.1512 , 24.0841
24.1031 , 2.24018 , 24.4935
24.0322 , 2.33016 , 24.9076
23.9576 , 2.42471 , 25.3428
23.8867 , 2.51464 , 25.7566
23.8202 , 2.59893 , 26.1445
23.7548 , 2.68508 , 26.5488
23.6978 , 2.76887 , 26.9619
23.6402 , 2.8534 , 27.3787
23.5831 , 2.93733 , 27.7926
23.5264 , 3.02049 , 28.2026
23.4687 , 3.10524 , 28.6205
23.4116 , 3.18907 , 29.0339
23.354 , 3.27367 , 29.451
23.2974 , 3.35683 , 29.861
23.2393 , 3.44207 , 30.2814
23.182 , 3.52625 , 30.6964
23.1251 , 3.60982 , 31.1085
23.071 , 3.68646 , 31.5327
23.027 , 3.74146 , 31.9634
22.9834 , 3.7959 , 32.3898
22.9384 , 3.85205 , 32.8296
22.8957 , 3.9054 , 33.2474
22.8542 , 3.95719 , 33.6531
22.8095 , 4.01304 , 34.0905
22.7665 , 4.06674 , 34.511
22.7241 , 4.11972 , 34.926
22.6767 , 4.17889 , 35.3895
22.6315 , 4.23537 , 35.8318
22.5863 , 4.29181 , 36.2738

Run, SubRun, Event
6261 , 240 , 10953

25.98 , 0.147648 , 0.280464
25.9256 , 0.101478 , 0.793902
25.8742 , 0.05783 , 1.27928
25.8218 , 0.0133196 , 1.77425
25.7708 , -0.0299465 , 2.25539
25.7186 , -0.0742723 , 2.74831
25.6678 , -0.117428 , 3.22821
25.6189 , -0.16029 , 3.70943
25.5862 , -0.2005 , 4.19985
25.5535 , -0.240707 , 4.69024
25.5221 , -0.279344 , 5.16148
25.4891 , -0.320054 , 5.65801
25.4569 , -0.359583 , 6.14013
25.4247 , -0.399271 , 6.62419
25.3921 , -0.439335 , 7.11284
25.2314 , -0.58474 , 9.03592
25.187 , -0.620535 , 9.5264
25.143 , -0.655998 , 10.0123
25.0994 , -0.691087 , 10.4931
25.057 , -0.725231 , 10.9609
25.0125 , -0.761084 , 11.4522
24.9691 , -0.796108 , 11.9321
24.9215 , -0.834295 , 12.4192
24.8739 , -0.872407 , 12.9013
24.826 , -0.910818 , 13.3872
24.7793 , -0.948308 , 13.8614
24.7316 , -0.98656 , 14.3452
24.6834 , -1.02522 , 14.8342
24.6351 , -1.06388 , 15.3233
24.5885 , -1.10128 , 15.7963
24.5408 , -1.13948 , 16.2796
24.4932 , -1.17766 , 16.7626
24.4455 , -1.2227 , 17.2567
24.3977 , -1.26824 , 17.7535
24.3511 , -1.3125 , 18.2364
24.3039 , -1.35732 , 18.7256
24.2577 , -1.40132 , 19.2056
24.211 , -1.44572 , 19.6902
24.1627 , -1.49156 , 20.1904
24.1167 , -1.53535 , 20.6681
24.0698 , -1.57993 , 21.1546
24.0232 , -1.6242 , 21.6376
23.9752 , -1.66845 , 22.1286
23.9268 , -1.71276 , 22.6217
23.8783 , -1.75726 , 23.117
23.8318 , -1.79984 , 23.5909
23.7821 , -1.84533 , 24.0972
23.7365 , -1.88714 , 24.5625
23.6879 , -1.93163 , 25.0577
23.6413 , -1.97437 , 25.5334
23.5936 , -2.01807 , 26.0198
23.5455 , -2.06213 , 26.5102
23.4974 , -2.10617 , 27.0003
23.4506 , -2.1357 , 27.4901
23.4069 , -2.15653 , 27.9553
23.3619 , -2.17796 , 28.4338
23.3184 , -2.19865 , 28.8959
23.2708 , -2.22134 , 29.4026
23.1847 , -2.26233 , 30.3181
23.1397 , -2.28376 , 30.7967
23.0949 , -2.30505 , 31.2721
23.0515 , -2.32571 , 31.7337
23.0058 , -2.34747 , 32.2196
22.9612 , -2.36871 , 32.694
22.9174 , -2.38956 , 33.1595
22.9521 , -2.3514 , 33.6225
22.9883 , -2.31332 , 34.0396
23.0269 , -2.27267 , 34.4849
23.0641 , -2.2336 , 34.9129
23.1017 , -2.19403 , 35.3463
23.1391 , -2.15467 , 35.7775
23.1767 , -2.11503 , 36.2117
23.2157 , -2.07403 , 36.6608
23.2555 , -2.03218 , 37.1192
23.3465 , -1.97216 , 37.5549
23.4896 , -1.89345 , 37.9709
23.6375 , -1.81211 , 38.4007
23.7841 , -1.73146 , 38.8271
23.9256 , -1.65366 , 39.2382
24.0683 , -1.5752 , 39.6529
24.2029 , -1.50114 , 40.0443
24.356 , -1.41696 , 40.4892
24.4985 , -1.33857 , 40.9036
24.6467 , -1.25707 , 41.3343
24.7764 , -1.18576 , 41.7112
24.9262 , -1.10335 , 42.1468
25.076 , -1.02099 , 42.5821
25.2147 , -0.944729 , 42.9851
25.3549 , -0.86761 , 43.3927
25.5021 , -0.786661 , 43.8206
25.656 , -0.702003 , 44.268
25.7913 , -0.627635 , 44.6611
25.9373 , -0.547293 , 45.0857
26.0753 , -0.471443 , 45.4866
26.2155 , -0.394319 , 45.8942
26.4724 , -0.220032 , 46.3045
26.608 , -0.126297 , 46.5037
26.741 , -0.0343421 , 46.6992
27.1729 , 0.264165 , 47.3338
27.4447 , 0.451992 , 47.733


Run, SubRun, Event
6261 , 240 , 10955

11.5406 , -4.22949 , 39.7156
11.6316 , -4.04582 , 39.1339
11.7135 , -3.88061 , 38.6106
11.7989 , -3.70822 , 38.0646
11.8845 , -3.53545 , 37.5173
11.971 , -3.36087 , 36.9644
12.0531 , -3.19511 , 36.4394
12.1537 , -3.02011 , 35.3939
12.1866 , -2.97292 , 34.9089
12.2207 , -2.92396 , 34.4057
12.2525 , -2.87835 , 33.937
12.3524 , -2.73501 , 32.4638
12.3861 , -2.68661 , 31.9663
12.4197 , -2.63849 , 31.4718
12.4529 , -2.59084 , 30.982
12.4857 , -2.54371 , 30.4976
12.5198 , -2.51518 , 30.021
12.556 , -2.5181 , 29.5575
12.5923 , -2.52104 , 29.0917
12.6279 , -2.52392 , 28.6359
12.664 , -2.52684 , 28.173
12.6997 , -2.52973 , 27.7152
12.7355 , -2.53262 , 27.257
12.7714 , -2.53552 , 26.7973
12.8076 , -2.53845 , 26.3325
12.8436 , -2.54137 , 25.8709
12.8791 , -2.54424 , 25.4161
12.9151 , -2.54715 , 24.9547
12.9509 , -2.55004 , 24.4959
12.9869 , -2.56985 , 24.0453
13.0221 , -2.59425 , 23.6073
13.0587 , -2.61964 , 23.1513
13.095 , -2.64475 , 22.7003
13.1309 , -2.66968 , 22.2527
13.167 , -2.6947 , 21.8034
13.2025 , -2.71931 , 21.3616
13.2382 , -2.74402 , 20.9179
13.2745 , -2.76922 , 20.4654
13.3106 , -2.79422 , 20.0165
13.3465 , -2.81914 , 19.569
13.3843 , -2.84476 , 19.1202
13.4336 , -2.87451 , 18.6777
13.4823 , -2.90387 , 18.2409
13.5325 , -2.93421 , 17.7895
13.5818 , -2.96391 , 17.3477
13.6318 , -2.99412 , 16.8983
13.6813 , -3.02399 , 16.454
13.7314 , -3.0542 , 16.0045
13.7803 , -3.08373 , 15.5652
13.8302 , -3.11383 , 15.1174
13.879 , -3.14328 , 14.6792
13.9269 , -3.16929 , 14.2302
13.9741 , -3.19395 , 13.7822
14.0216 , -3.21879 , 13.331
14.0691 , -3.24363 , 12.8797
14.116 , -3.2682 , 12.4332
14.163 , -3.29277 , 11.9869
14.2099 , -3.31729 , 11.5414
14.2564 , -3.34162 , 11.0993
14.3036 , -3.36631 , 10.6509
14.3508 , -3.38313 , 10.1944
14.397 , -3.39526 , 9.74256
14.445 , -3.40785 , 9.27343
14.4902 , -3.41971 , 8.83137
14.5362 , -3.43177 , 8.38167
14.583 , -3.44405 , 7.92433
14.6291 , -3.45615 , 7.47334
14.6769 , -3.46867 , 7.00661
14.724 , -3.47726 , 6.55162
14.7735 , -3.47695 , 6.0872
14.8224 , -3.47664 , 5.62786
14.8711 , -3.47633 , 5.17161
14.9201 , -3.47601 , 4.71134
14.9701 , -3.47569 , 4.24269
15.0195 , -3.47538 , 3.77906
15.0693 , -3.47506 , 3.31166
15.1276 , -3.46871 , 2.84966
15.1868 , -3.46207 , 2.38382
15.2442 , -3.45563 , 1.93144
15.3031 , -3.44902 , 1.46684
15.3641 , -3.44218 , 0.9863
15.424 , -3.43546 , 0.514504



